当前等级,目标等级,需要经验,描述,达到VIP需要的经验
currentLevel,nextLevel_kn,exp_n,tips_s,vip_exp_n
0,1,60,,0
1,2,240,,60
2,3,700,,300
3,4,2000,,1000
4,5,2000,,3000
5,6,5000,,5000
6,7,20000,,10000
7,8,20000,,30000
8,9,50000,,50000
9,10,100000,,100000
10,11,100000,,200000
11,12,200000,,300000
12,13,500000,,500000
